0.49595648 -0.03279061 0.86772804 
-0.36927053 0.61171920 0.69959910 
-0.67085070 -0.18758688 0.71747509 
0.63945192 0.42543265 0.64039699 
-0.01011360 -0.99968534 0.02295491 
-0.43118759 -0.45247364 0.78060545 
-0.32192662 -0.00278528 0.94676052 
-0.03635402 0.99055978 0.13217301 
-0.95139246 -0.06417749 0.30122023 
0.99945215 -0.00192890 0.03304048 
-0.03406534 0.95699756 0.28808891 
0.57582494 -0.25331370 0.77734021 
0.15281393 0.95733692 0.24526297 
-0.47650852 -0.17134827 0.86231050 
0.82102792 0.53624923 0.19583136 
-0.59334169 0.10635701 0.79789337 
0.68984216 0.03172119 0.72326451 
0.78923444 -0.16735841 0.59084698 
-0.13164512 0.31893774 0.93858845 
0.93315316 -0.18724577 0.30686185 
0.24887077 -0.00893246 0.96849551 
-0.99896885 0.03885894 -0.02347817 
-0.13161414 -0.82973557 0.54241737 
0.43274622 0.78672368 0.44022332 
0.08015202 -0.21903363 0.97241962 
0.60596884 -0.74334696 0.28326147 
0.13582804 0.64700384 0.75029113 
-0.21719738 -0.24456780 0.94499306 
0.70036793 -0.43329143 0.56722421 
0.34211646 -0.56655062 0.74965107 
-0.79444178 0.38068147 0.47322708 
0.01808200 0.88654214 0.46229436 
0.32947501 -0.26418107 0.90645164 
-0.03461318 -0.01809236 0.99923701 
-0.46287248 0.83998725 0.28314393 
-0.02034445 -0.47916711 0.87748788 
0.35250607 0.29336232 0.88863830 
-0.76385196 -0.50262382 0.40484502 
0.88735055 0.06494031 0.45649945 
-0.82818925 -0.07564427 0.55532019 
